Total samples: 68737
Features: 12
Target: cardio (binary)

Class Distribution:
  No disease (0): 34721 (50.5%)
  Disease (1): 34016 (49.5%)

Feature Statistics:
                age        gender        height        weight         ap_hi         ap_lo   cholesterol          gluc         smoke          alco        active        cardio           bmi
count  68737.000000  68737.000000  68737.000000  68737.000000  68737.000000  68737.000000  68737.000000  68737.000000  68737.000000  68737.000000  68737.000000  68737.000000  68737.000000
mean      53.290831      1.348837    164.361945     74.124991    126.616015     81.352227      1.364782      1.225919      0.088060      0.053581      0.803352      0.494872     27.523723
std        6.757504      0.476606      8.186082     14.333232     16.748878      9.569422      0.679014      0.571890      0.283385      0.225191      0.397467      0.499977      6.051361
min       29.563313      1.000000     55.000000     11.000000     60.000000     30.000000      1.000000      1.000000      0.000000      0.000000      0.000000      0.000000      3.471784
25%       48.344969      1.000000    159.000000     65.000000    120.000000     80.000000      1.000000      1.000000      0.000000      0.000000      1.000000      0.000000     23.875115
50%       53.938398      1.000000    165.000000     72.000000    120.000000     80.000000      1.000000      1.000000      0.000000      0.000000      1.000000      0.000000     26.346494
75%       58.381930      2.000000    170.000000     82.000000    140.000000     90.000000      2.000000      1.000000      0.000000      0.000000      1.000000      1.000000     30.119376
max       64.922656      2.000000    250.000000    200.000000    240.000000    150.000000      3.000000      3.000000      1.000000      1.000000      1.000000      1.000000    298.666667